[ 7.89715648 15.82131032 23.79029497 31.79521643]
[8.94937642]
[10.20144283 20.5650954 ]
[  6.60965351  13.53189429  20.73161436  28.13042992  35.61455669
  43.1921799   50.93958024  58.72463578  66.53670117  74.47218608
  82.50687039  90.77560084  98.97747449 107.27478861 115.62820652
 124.05510011 132.53016551 141.09107472]
[  6.3697447   13.10183458  19.90888342  26.80252022  33.74153341
  40.71615643  47.73359566  54.86950575  62.1851303   69.51487211
  76.97093516  84.62235575  92.28929473 100.26718479 108.50177961
 116.85046837]
[ 8.59617823 17.07490804 25.56925399 34.02934798 42.6107012  51.22001542
 59.77401655 68.35763437 76.95491889 85.51547105 94.05496237]
[ 7.43283938 14.92847754 22.64335531 30.45620457 38.54346125 46.63388044
 54.93291823 63.659727   72.1554779  80.92657575 89.77042801 98.69011223]
