[ 8.00646064 15.98223432 23.93732873 31.94711374 39.93032993]
[9.08511358]
[10.22923727 20.38799198 30.7843017 ]
[  6.58975792  13.42391074  20.54119135  27.74167831  35.11186498
  42.85032517  50.62310312  58.57943208  66.52114577  74.53795868
  82.78143009  91.09759271  99.56484699 108.07592817 116.62966216
 125.13276674 133.74154218 142.44582525 151.11902672 159.88104755
 168.66676696 177.48528086 186.40150996 195.30358037]
[ 8.33192484 16.9060673  25.50709213 34.34870033 43.40817932 52.4065152
 61.44330931 70.57968956 79.77587202]
[ 9.61929287 19.30198293 29.14243113 39.00818751 48.91789345 58.89632139
 68.88909738]
[  7.20884247  14.85342041  22.36984301  29.84606501  37.5219708
  45.22843497  53.30744463  61.14600215  69.21903261  77.16588101
  85.27416101  93.3639381  101.692972   110.19716075]
