[  5.79615273  11.7132978   17.83930117  23.95695093  30.13986451
  36.38879759  42.76906818  49.32182851  55.96976199  62.73032516
  69.44270404  76.23200228  83.13578924  90.04063699  97.01404316
 104.04529234 111.04176465 118.11378391 125.1871717  132.25741551
 139.4172055 ]
[9.65590328]
[ 9.48244997 19.01765954 28.84466635 38.57311102 48.2405737  58.14089618
 68.10111265 78.11134685 88.12313367 98.20276461]
[ 9.78840913 19.64099044]
[ 7.43249165 14.93115803 22.54687123 30.18675048 37.86801369]
[ 8.89546912 17.73068615 26.59103991 35.58724381 44.58347307 53.71514685]
[7.56916102]
