[ 8.0707005  16.17156714 24.33041882]
[8.77951309]
[10.26198363 20.51866624]
[  6.96720376  13.69271788  20.67880571  27.88268992  35.16524859
  42.37573457  50.05699715  57.73165154  65.44924462  73.29314325
  81.3096761   89.41899936  97.59484724 105.86229853 114.19478884
 122.58918358 131.22230482 139.74780008 148.32274228 156.93957936
 165.60709752 174.31933146 183.20741923 192.03276268]
[ 6.52389943 13.11241751 19.93145077 26.64692093 33.65692156 40.69164817
 47.90923499]
[ 8.55474332 17.17148563 25.754009   34.34333563 42.95068613]
[ 7.4181193  15.05126606 22.92470281 30.59577012 38.66768307 46.75782501
 54.93180616 63.26666653 71.80671086 80.44502087]
